11 6375 3551 3519
22 6285 368 6260
21 6064 1579 6033
204 5826 595 5663
112 5454 850 5402
202 5119 707 3938
1692 5237 4172 4641
1695 4592 3948 4483
1695 4488 4111 4296
1696 4251 4142 3652
1697 3604 3995 3511
27 3531 1589 3315
126 3311 1545 2713
24 3097 2976 1308
1699 3500 4149 3318
2243 3207 3913 2559
1777 3098 1888 3094
3563 2616 3565 2614
2162 2512 4355 1217
2756 1240 2843 1217
2462 1233 4355 1162
2412 1171 2948 1140
2953 1678 2974 1671
2415 1144 2891 1128
1706 1139 4354 1051
1024 -245 1118 -288
1025 -241 1119 -284
1705 1048 1708 1045
932 -653 981 -661
935 -649 984 -657
1715 1053 2976 959
1088 969 2277 943
876 -308 930 -658
877 -304 933 -654
1724 943 1806 924
443 1209 4356 852
834 -305 897 -312
835 -301 898 -309
1738 973 4356 790
746 -2267 814 -2979
755 -2264 826 -2976
624 -2731 671 -2754
635 -2728 682 -2751
269 617 2912 549
1712 621 2975 474
276 871 4358 430
1691 507 4291 404
1736 436 4355 262
3597 201 4451 138
262 5659 1559 441
423 307 1657 295
1746 5650 1853 5649
2426 5650 2429 5649
1662 2998 2929 2922
1654 2811 2931 2798
1740 2782 2849 2583
1651 2813 2897 2799
1651 2571 2940 2556
1674 2564 2839 2556
1651 2566 2847 2332
2689 2321 2691 2318
1719 2312 2652 2241
1729 2159 2837 1713
1731 1650 2807 1290
1733 1236 2750 971
1733 909 2826 553
1663 308 3044 294
2851 2561 2936 2559
4097 5713 4302 5672
1628 5658 4319 3096
4312 5491 4313 5487
4312 3372 4313 3369
4312 3284 4313 3281
4312 3260 4313 3249
4312 3237 4313 3177
4312 3166 4313 3153
4312 3149 4313 3106
3097 3013 3101 3007
3036 2995 4333 438
3049 307 4327 164
218 5620 1515 3249
230 3215 1482 3109
231 3107 349 3061
231 3087 1478 2973
254 2999 343 2956
231 2958 1389 2835
255 2831 945 2815
398 2811 1299 2574
227 2501 1520 1612
1171 1595 1232 1568
231 1585 1524 685
235 666 1520 593
235 574 1534 501
397 479 1526 403
1658 5612 2140 5504
1665 5426 4077 5134
1666 5111 4168 4868
1647 4792 2926 407
3002 4786 4532 2484
3007 4726 3008 4715
3213 2488 3218 2487
3279 2488 3693 2487
3018 2438 3943 2368
3016 2316 4285 408
3521 189 4279 66
201 5732 4098 5694
201 5658 1696 332
222 230 799 160
1769 5657 2474 4753
1778 4713 2371 4648
1775 4642 2470 4628
1808 4632 2371 4391
1779 4394 2553 4386
1779 4389 2353 4375
1779 4380 2557 4369
1780 4372 2371 4323
1796 4332 2566 4315
1784 4323 2371 4285
1801 4169 2371 4162
2386 4346 2566 4341
2702 5717 3337 5709
2562 5657 4048 4332
2568 4334 3299 4307
1784 4314 4018 4163
1780 4173 4034 3693
1786 3701 2374 3621
1820 3627 2565 3616
2379 3656 3976 3567
1816 3619 2209 3614
1863 3619 2566 3608
1837 3612 2374 3589
1788 1415 2483 1402
1791 1405 2164 1343
1875 1260 2429 392
2204 378 2206 376
2182 370 2198 355
2520 3569 2542 336
2580 3739 3996 3669
2575 3684 3255 3674
2380 3678 3297 3667
2571 3672 3305 3648
2465 3652 3280 3642
2570 3646 3301 3638
2570 3573 4059 333
2825 329 3697 305
3992 235 4061 172
4094 5708 4123 167
173 5681 189 5680
2840 5778 4061 5685
169 5704 4061 5661
169 5635 2888 1116
907 529 909 527
655 427 1184 363
224 332 1121 313
191 194 766 125
2850 4284 2872 3551
3699 5684 3702 5683
2975 5624 4005 3720
2963 3708 3934 3637
2983 3624 4017 300
3974 199 4024 137
3998 89 4003 83
3992 2704 4015 2692
4057 5678 4087 126
245 5679 1635 5671
3582 5712 3593 5705
223 5701 4116 5650
1459 5672 1474 5671
226 5622 1721 287
255 188 831 116
2134 5644 2137 5641
1789 5585 2495 4549
1804 4520 2411 4440
1801 4447 2494 4430
1831 2715 1833 2711
2665 5681 4000 5670
2583 5621 4065 2961
2606 2954 4073 2873
2598 2872 4083 290
3896 193 4087 129
4025 81 4026 78
4113 5672 4152 119
872 5995 874 5993
472 5982 536 5901
283 5889 4225 5499
746 5484 749 5479
480 5440 483 5438
959 5427 1313 5411
1078 5336 1080 5334
295 5324 1052 5256
775 5238 913 5207
291 5212 1451 4637
438 4634 619 4623
291 4625 1468 482
801 473 956 465
872 451 1030 428
304 373 1377 179
864 143 1174 120
1613 5904 2455 5779
2590 5779 2599 5773
2288 5502 2290 5500
1741 5476 1843 5431
2354 5369 2626 5334
1544 5330 2725 663
2053 664 2056 662
1572 658 2308 589
1692 577 2665 497
1572 498 2626 415
2698 4852 2700 4850
1880 355 1998 303
3264 5829 3572 5769
2963 5490 2965 5488
3347 5447 3520 5441
2952 5432 2953 5429
3323 5404 3548 5328
2803 5329 3974 2997
2795 3001 3961 2916
2817 2918 3989 409
2829 436 2831 433
2831 358 3371 339
3038 325 3542 280
3983 1517 3987 1513
756 6024 1373 5930
280 5880 1501 5736
277 5725 4323 5490
287 5495 289 5492
443 5442 1093 5350
284 5331 1468 420
297 345 1366 188
410 50 413 47
1688 5845 2611 5816
1955 5756 1957 5748
2505 5733 2565 5432
1541 5327 2729 420
1911 409 1913 405
2406 377 2411 343
2254 304 2257 300
2849 5968 2857 5949
3129 5846 3164 5840
3427 5823 3908 5767
3199 5751 3203 5747
3147 5720 3151 5717
3651 5715 3653 5713
3241 5488 3605 5470
2870 5412 2989 5401
3268 5349 3677 5330
2802 5327 3962 3245
2819 3226 3807 3101
2815 3094 3980 427
2845 419 2847 415
3953 1253 3961 1180
3642 416 3644 414
3382 376 3963 328
6 5680 3886 5455
498 5781 502 5776
891 5737 1010 5717
283 5665 287 5664
1083 5446 1180 5428
1283 5406 1289 5403
557 5357 1340 5315
228 5290 1399 1715
250 1656 1193 1585
245 1552 1408 402
978 379 981 376
280 304 283 301
733 287 811 270
474 232 476 230
2539 5728 2646 5685
2384 5469 2391 5461
1533 5452 2228 5439
2172 5408 2233 5344
1400 5309 3915 2173
1522 2162 1939 2152
1512 2151 1942 2126
1512 2115 1515 2106
1527 2075 1819 2050
2305 1954 2477 1941
2297 1931 2299 1929
1514 1923 2675 1346
1641 1347 2454 1333
1515 1335 2680 343
1865 338 2307 300
1962 254 2199 236
3794 5809 3796 5807
2858 5742 2912 5733
3272 5671 3274 5669
2984 5464 3416 5449
2751 5430 3820 5401
3347 5341 3350 5338
3013 5330 3018 5327
2887 2281 3569 2252
3466 2231 3470 2226
2847 2216 3579 2205
3134 2196 3137 2192
3458 2008 3569 1998
2762 1967 3917 512
2749 500 3906 415
2769 418 3832 340
2871 295 3945 139
3508 106 3568 83
15 5572 4077 5546
15 303 37 298
167 5437 2728 1773
2340 5499 2699 5430
261 5434 383 5431
2797 5444 4007 4153
3115 4040 3699 3880
2722 3844 4016 2166
2721 2167 4018 1857
471 1842 4017 1753
2722 2274 2723 2258
2722 2246 2723 2241
1793 -2726 1983 -2730
1799 -2722 1989 -2726
205 1615 3191 1040
835 934 2130 894
1515 843 2727 352
3429 899 3842 864
2821 844 4025 358
208 840 1413 350
207 299 2116 286
2271 299 4035 285
824 307 2567 147
4069 794 4090 788
2556 5608 2559 5605
6 5599 4082 5558
177 5466 1384 3977
185 3976 1389 3880
182 3870 1392 1875
193 1868 1398 1773
192 1768 1397 1287
195 1353 1402 1144
193 1173 1399 375
1162 343 1167 336
1635 5575 1640 5574
1479 5469 2693 3499
1487 3500 2688 3378
1467 3368 2690 3274
1489 3269 2691 3180
1489 3168 2701 3080
1489 3067 2698 1900
1494 1785 2707 369
194 326 2168 304
3488 5574 3494 5573
2785 5461 3992 4459
2790 4463 3993 4277
3956 4275 3961 4271
3975 4263 4000 4247
2790 4267 4003 1880
3491 1867 4009 1839
2801 1867 4011 380
2323 325 4017 307
1695 333 2662 210
334 5569 485 5568
6 5584 4082 5545
137 5452 1351 4667
125 4654 1347 4584
137 4554 1366 463
2216 5561 2466 5560
1435 5453 2664 2268
2509 2247 2512 2245
1447 2071 2668 362
162 316 2128 295
160 460 1357 278
312 166 337 142
2742 5456 3950 4967
2744 4953 3956 4859
2735 4854 3963 2084
2759 2053 3971 1966
2757 1955 3971 370
2284 316 3975 298
1652 323 2577 207
2026 101 2223 71
3310 304 3420 303
3058 301 3819 228
4143 320 4188 312
192 4514 2861 4430
188 4365 1495 3559
383 3542 386 3539
193 3516 1500 2980
194 2965 927 2885
193 2867 1500 2693
195 2669 1503 2131
197 2117 1508 266
591 225 595 222
2331 4372 2338 4368
1563 4364 2876 3425
1570 3428 2876 3263
1570 3237 2877 3061
1571 3044 2880 2519
1570 2489 2879 2218
1571 2194 2882 1759
1573 1734 2885 1123
1652 1101 1654 1099
1577 1086 2881 821
1580 802 2891 281
217 4502 2890 4408
214 4347 1520 4170
290 4157 1513 4072
216 4062 1524 3625
217 3594 1525 3256
221 3225 1527 2962
220 2938 1529 2679
222 2667 1532 2404
223 2389 1531 2208
225 2198 1530 1840
228 1819 1536 1209
234 1173 1534 997
233 978 1542 713
312 703 1533 603
236 609 1547 525
239 516 1547 246
1589 4352 2906 3468
1593 3436 2917 1468
1606 1469 2915 1312
1608 1280 2922 528
1617 499 2920 266
192 4514 2861 4430
188 4365 1495 3559
383 3542 386 3539
193 3516 1500 2980
194 2965 927 2885
193 2867 1500 2693
195 2669 1503 2131
197 2117 1508 266
591 225 595 222
2331 4372 2338 4368
1563 4364 2876 3425
1570 3428 2876 3263
1570 3237 2877 3061
1571 3044 2880 2519
1570 2489 2879 2218
1571 2194 2882 1759
1573 1734 2885 1123
1652 1101 1654 1099
1577 1086 2881 821
1580 802 2891 281
217 4502 2890 4408
214 4347 1520 4170
290 4157 1513 4072
216 4062 1524 3625
217 3594 1525 3256
221 3225 1527 2962
220 2938 1529 2679
222 2667 1532 2404
223 2389 1531 2208
225 2198 1530 1840
228 1819 1536 1209
234 1173 1534 997
233 978 1542 713
312 703 1533 603
236 609 1547 525
239 516 1547 246
1589 4352 2906 3468
1593 3436 2917 1468
1606 1469 2915 1312
1608 1280 2922 528
1617 499 2920 266
217 4487 2887 4410
213 4331 1519 3904
478 3886 481 3885
214 3880 1525 3171
218 3159 1524 2894
218 2878 1528 2269
220 2248 1530 1178
223 1137 1533 800
225 777 1539 240
1591 4337 2898 4167
1591 4147 2901 3610
1597 3581 2903 2946
1595 2934 2907 2403
1593 2364 2908 1822
1597 1813 2478 1714
1602 1708 2909 1168
1604 1153 2911 242
192 4514 2861 4430
188 4365 1495 3559
383 3542 386 3539
193 3516 1500 2980
194 2965 927 2885
193 2867 1500 2693
195 2669 1503 2131
197 2117 1508 266
591 225 595 222
2331 4372 2338 4368
1563 4364 2876 3425
1570 3428 2876 3263
1570 3237 2877 3061
1571 3044 2880 2519
1570 2489 2879 2218
1571 2194 2882 1759
1573 1734 2885 1123
1652 1101 1654 1099
1577 1086 2881 821
1580 802 2891 281
217 4502 2890 4408
214 4347 1520 4170
290 4157 1513 4072
216 4062 1524 3625
217 3594 1525 3256
221 3225 1527 2962
220 2938 1529 2679
222 2667 1532 2404
223 2389 1531 2208
225 2198 1530 1840
228 1819 1536 1209
234 1173 1534 997
233 978 1542 713
312 703 1533 603
236 609 1547 525
239 516 1547 246
1589 4352 2906 3468
1593 3436 2917 1468
1606 1469 2915 1312
1608 1280 2922 528
1617 499 2920 266
217 4487 2887 4410
213 4331 1519 3904
478 3886 481 3885
214 3880 1525 3171
218 3159 1524 2894
218 2878 1528 2269
220 2248 1530 1178
223 1137 1533 800
225 777 1539 240
1591 4337 2898 4167
1591 4147 2901 3610
1597 3581 2903 2946
1595 2934 2907 2403
1593 2364 2908 1822
1597 1813 2478 1714
1602 1708 2909 1168
1604 1153 2911 242
87 1363 1013 39
311 734 994 718
466 277 999 265
87 1363 1013 39
311 734 994 718
466 277 999 265
87 1363 1013 39
311 734 994 718
466 277 999 265
12 2385 1637 2202
7 2138 8 2086
1 1868 3 1866
4 2213 1917 1005
15 1007 1916 815
-3 794 933 -3
999 798 1922 28
1598 2329 1924 2231
12 2385 1637 2202
7 2138 8 2086
1 1868 3 1866
4 2213 1917 1005
15 1007 1916 815
-3 794 933 -3
999 798 1922 28
1598 2329 1924 2231
12 2387 1924 2202
6 2138 9 2122
7 2118 8 2086
-5 1008 1935 -4
12 2387 1924 2202
6 2138 9 2122
7 2118 8 2086
-5 1008 1935 -4
12 2387 1924 2202
6 2138 9 2122
7 2118 8 2086
-5 1008 1935 -4
12 2387 1924 2202
6 2138 9 2122
7 2118 8 2086
-5 1008 1935 -4
1061 4216 2618 4132
258 4143 2624 4119
687 4133 690 4132
413 4126 714 4125
260 4056 2624 3092
704 3014 2155 2285
842 2029 1484 334
1061 4216 2618 4132
258 4143 2624 4119
687 4133 690 4132
413 4126 714 4125
260 4056 2624 3092
704 3014 2155 2285
842 2029 1484 334
1061 4216 2618 4132
258 4143 2624 4119
687 4133 690 4132
413 4126 714 4125
260 4056 2624 3092
704 3014 2155 2285
842 2029 1484 334
1061 4216 2618 4132
258 4143 2624 4119
687 4133 690 4132
413 4126 714 4125
260 4056 2624 3092
704 3014 2155 2285
842 2029 1484 334
1061 4216 2618 4132
258 4143 2624 4119
687 4133 690 4132
413 4126 714 4125
260 4056 2624 3092
704 3014 2155 2285
842 2029 1484 334
1061 4216 2618 4132
258 4143 2624 4119
687 4133 690 4132
413 4126 714 4125
260 4056 2624 3092
704 3014 2155 2285
842 2029 1484 334
6 1539 533 1416
111 1411 117 1366
47 1201 118 1193
137 1184 421 1165
25 1140 85 1091
26 1089 169 1081
898 -29 1009 -352
898 -29 1009 -352
32 933 137 910
32 908 554 851
6 877 545 808
108 814 143 805
130 762 156 705
133 704 140 697
105 688 147 664
6 662 110 445
7 378 600 290
35 -13 338 -718
35 -13 338 -718
24 102 39 93
78 1416 554 1220
6 1303 554 1058
27 1056 401 994
289 -151 315 -182
289 -151 315 -182
1363 -441 1538 -553
1363 -441 1538 -553
257 1526 497 1452
1277 -269 1416 -452
1277 -269 1416 -452
184 1009 523 922
203 828 508 779
790 395 891 392
179 294 791 186
171 154 934 7
9 1541 1136 393
576 761 1136 23
6 1539 533 1416
111 1411 117 1366
47 1201 118 1193
137 1184 421 1165
25 1140 85 1091
26 1089 169 1081
898 -29 1009 -352
898 -29 1009 -352
32 933 137 910
32 908 554 851
6 877 545 808
108 814 143 805
130 762 156 705
133 704 140 697
105 688 147 664
6 662 110 445
7 378 600 290
35 -13 338 -718
35 -13 338 -718
24 102 39 93
78 1416 554 1220
6 1303 554 1058
27 1056 401 994
289 -151 315 -182
289 -151 315 -182
1363 -441 1538 -553
1363 -441 1538 -553
257 1526 497 1452
1277 -269 1416 -452
1277 -269 1416 -452
184 1009 523 922
203 828 508 779
790 395 891 392
179 294 791 186
171 154 934 7
9 1541 1136 393
576 761 1136 23
6 1539 533 1416
111 1411 117 1366
47 1201 118 1193
137 1184 421 1165
25 1140 85 1091
26 1089 169 1081
898 -29 1009 -352
898 -29 1009 -352
32 933 137 910
32 908 554 851
6 877 545 808
108 814 143 805
130 762 156 705
133 704 140 697
105 688 147 664
6 662 110 445
7 378 600 290
35 -13 338 -718
35 -13 338 -718
24 102 39 93
78 1416 554 1220
6 1303 554 1058
27 1056 401 994
289 -151 315 -182
289 -151 315 -182
1363 -441 1538 -553
1363 -441 1538 -553
257 1526 497 1452
1277 -269 1416 -452
1277 -269 1416 -452
184 1009 523 922
203 828 508 779
790 395 891 392
179 294 791 186
171 154 934 7
9 1541 1136 393
576 761 1136 23
6 1539 533 1416
111 1411 117 1366
47 1201 118 1193
137 1184 421 1165
25 1140 85 1091
26 1089 169 1081
898 -29 1009 -352
898 -29 1009 -352
32 933 137 910
32 908 554 851
6 877 545 808
108 814 143 805
130 762 156 705
133 704 140 697
105 688 147 664
6 662 110 445
7 378 600 290
35 -13 338 -718
35 -13 338 -718
24 102 39 93
78 1416 554 1220
6 1303 554 1058
27 1056 401 994
289 -151 315 -182
289 -151 315 -182
1363 -441 1538 -553
1363 -441 1538 -553
257 1526 497 1452
1277 -269 1416 -452
1277 -269 1416 -452
184 1009 523 922
203 828 508 779
790 395 891 392
179 294 791 186
171 154 934 7
9 1541 1136 393
576 761 1136 23
6 1539 533 1416
111 1411 117 1366
47 1201 118 1193
137 1184 421 1165
25 1140 85 1091
26 1089 169 1081
898 -29 1009 -352
898 -29 1009 -352
32 933 137 910
32 908 554 851
6 877 545 808
108 814 143 805
130 762 156 705
133 704 140 697
105 688 147 664
6 662 110 445
7 378 600 290
35 -13 338 -718
35 -13 338 -718
24 102 39 93
78 1416 554 1220
6 1303 554 1058
27 1056 401 994
289 -151 315 -182
289 -151 315 -182
1363 -441 1538 -553
1363 -441 1538 -553
257 1526 497 1452
1277 -269 1416 -452
1277 -269 1416 -452
184 1009 523 922
203 828 508 779
790 395 891 392
179 294 791 186
171 154 934 7
9 1541 1136 393
576 761 1136 23
